2999660
4021393
3785563
3739785
4745804
3927163
4945959
3403296
3663985
3679076
4504809
3711467
3040472
4308083
2266720
4976218
3101955
2924883
1484599
3542341
4579851
4387681
3771917
4520737
4433241
4950661
4991729
3898496
4094585
4530742
3308921
3734847
4551344
3815232
3953582
4600850
3946499
4735246
4307595
3411787
4141198
4805073
3259060
3454386
3078069
4198050
2248567
3292332
4669815
4658015
4503569
2566800
4725461
2670308
3909047
4746922
4917962
2104005
4375073
4309436
3237481
4812324
4690264
3577887
3914967
3986611
4914124
3599003
3496145
4564080
4314410
3818222
4841441
4829134
4409649
2172317
4049211
2930600
3314786
2820422
3822656
3535759
4854376
3293906
3335155
3188299
4411154
4486861
3080346
4294669
4629660
4012720
4151661
4132775
4911880
3482943
4727048
2787307
2720231
4916509
3852559
3335095
4109680
3567689
4541371
4932188
2874991
3873286
4742181
2912507
3688666
2778541
3869828
3153963
3575576
2172999
2656404
3091518
3533542
4449558
3906225
4013162
4388500
3120760
4427291
3061263
4218956
3493336
3572983
4034162
3815131
4356336
3772809
3808276
3627672
4672355
3138748
2853114
3317944
4121280
4337244
5005380
3825003
4310371
3702675
3841044
3474718
2901261
4766534
4762946
4326353
3679076
3612538
4761964
4633818
4047112
4434885
4777664
3519750
3442401
4882512
4137057
4452689
3029254
3689772
2867309
3260239
4394482
4655043
4843086
3295762
2267196
4546054
4750078
3439389
3688912
4417048
3990160
4842991
3377279
4286724
2713496
4241163
3851034
4357136
4346432
3818261
1500868
3364792
4735924
4740304
2970535
2064601
4370690
3275373
4695149
3948146
3463306
4147176
3846884
3538537
4321984
4491997
4741698
3419695
2694984
3971744
4768169
3242786
4886516
4891148
3765760
4451137
4876476
3510344
3829021
2845074
3829210
3075705
4907260
3000839
3111154
4643223
4521991
2785470
3937311
3893316
3671095
3676727
3567020
3948699
3708908
4626838
3852912
3412654
4578669
3610256
5002178
4335386
4138401
3896516
3907849
4340873
3582577
3604102
4529158
4255636
3253796
2270910
3851374
3102111
3885586
3701700
4166605
3003644
2951341
2758600
4446214
548132
4852193
3572104
4073284
4513437
4240501
3742233
4740799
3977001
4129437
3997558
4660203
2780319
4494967
4839656
4407272
4364373
3679321
5018339
3408431
3885722
4284123
4463759
3988182
3720722
3145662
4627293
3554784
4245215
3734504
3637393
4383005
4961766
4982040
4880044
2995064
4712270
4320531
4503745
3466278
3661586
4931288
4095694
4449813
3840166
4762950
3759077
3650022
3712580
3894987
4760374
4389882
4659938
4359739
3965357
4574201
4596462
4422964
4549259
2600669
4798952
4543871
4748455
4503621
4738318
4163664
4873146
4914296
4144329
2582892
2908616
2670505
4505356
4133232
4267627
3708810
3031266
4209049
4830554
4994244
4038485
4420615
4658161
2995420
3612137
4647895
4611740
3036781
3765198
3824688
3160588
4356071
4282548
3207293
4969639
4943696
3545928
3790701
4709566
4207795
2791842
3823652
2954953
4778065
2573962
3424252
4383526
4016653
4507259
3207854
3367946
4242838
4309583
3862723
4255689
4414178
4627301
3037403
4300499
4042167
3821059
3310967
4868678
4673282
2844398
4943856
3895387
4018585
3628087
4592186
3265516
4429249
4978994
3602193
4463653
4172815
4359321
3871619
4550104
3410903
4312355
4006041
4362951
3406578
4067296
4558518
3266901
4381594
4166605
2796953
3110188
2819834
2661041
5002215
4950242
4741876
3696067
2659361
2902505
3657699
2887354
4741724
2720538
2670503
2582243
4055749
4637322
2712760
3927955
3248383
4452261
3643921
4669652
3973283
4641828
4842372
4922844
4765497
4918330
3943912
3720586
4696811
4247651
3653809
2983066
3031519
4769170
4346534
3547954
3488543
3356364
4798945
3738968
4309049
3938074
4501661
3018500
3937121
3495902
4233052
4356562
4788696
4848840
4869937
4649839
4235027
3522723
4438915
4247615
4928093
1635720
4823981
3590610
4436378
3229596
3944268
3579842
4459821
4164748
2958949
3880321
4792541
3936288
4353799
2712796
3888969
4914304
4961794
4403777
3136934
3677938
4502824
4232649
3503564
4440769
3596254
4619604
2946292
3564925
3287101
1762019
3563989
4191393
4823945
4520689
4812468
3862763
4736189
3234281
4976202
4885798
4974456
3145754
4337613
4826614
3175201
4432801
3282678
4584003
4521931
3266931
4962445
3019166
3772887
2775956
3677921
4802117
3538595
4935457
3521752
4720436
4809547
4820925
3937095
3940872
3672796
3799759
4031152
3226564
4717847
3976288
3152340
4643962
2386784
3954894
4735759
4349450
3540675
3711818
2516977
4362482
3589261
3447795
4482606
4793259
4860593
4840862
2740868
2677670
3763431
4811449
4188521
4534446
4306116
4781843
3875533
2900211
4932197
4456446
4368748
4326867
4115632
2903399
4227224
4971130
4691614
4221162
4340916
3332030
4189815
3087671
4785232
4742541
3121334
3229559
3708934
3664824
3411732
3793988
4050480
4740818
3333865
2704372
3029264
4106362
4559110
3121758
2642935
4282369
3446348
3113675
3214047
2962506
2722082
4265266
4931287
3350475
3391280
4646403
4145372
4311133
3405213
4077259
4728337
2172957
4264947
3901705
3841767
4298672
4084994
3676849
3412797
2639207
3927163
4706351
4352985
3759449
2650098
4662463
4699616
3518102
4920097
4789578
4873533
2423614
4190289
3760889
3667179
3446360
2396431
2248752
3437688
3759339
3689693
3101112
3430559
4050181
4652747
4395285
3703876
3402328
3921454
4493045
3776120
3475263
2952587
4821356
1831768
4830539
3131303
4830462
4020860
4260748
4849650
4076628
4129468
4979953
2553196
4254946
4081179
4501663
4023497
4303205
4940078
3248115
4565848
3945908
4355132
3659046
4938177
2892027
3771941
4319831
5006641
3218952
3759404
4873978
4146410
2195911
2211829
4483218
2874764
2151643
4238949
4520766
4023949
4376793
2750207
3471944
4059931
2689857
4697062
2752166
4687125
3616199
4174134
2359667
4013597
4633636
4498307
2868981
4055143
3633968
3796214
2913138
3335155
3531470
3854452
4189897
4752349
3887112
4697083
2329616
3828895
4687443
4317941
4829584
4999518
4523944
4407593
4199125
3945815
4745769
4257887
3029346
3458568
4719301
4141641
3688666
4706691
4615268
4263459
4797308
4633218
4432920
4298672
3359677
4299447
4320460
2947063
3747153
1888803
4556642
4330660
3900716
4821554
3289929
4623150
4533975
4250062
2724276
3495951
4614858
4546475
2655723
3620909
4293114
4066784
3714592
3107376
4464234
4507751
3744458
3614962
4556729
3463771
4317941
4376665
4770769
4482369
3605103
4651316
4727569
2837373
4558477
3496612
4626168
4551929
4408054
4238005
4937612
4013012
3731358
4816112
3984242
3029254
2729921
4315254
3338610
4576457
3337421
1635259
3377717
4735924
4599206
2988374
4105595
3480353
4334199
4841034
4563167
4141771
3667720
4669767
4841779
4561675
4766320
4413894
4483168
4638082
3325250
3185957
4544713
4655073
4215538
4948024
4548811
2669217
4749555
3913638
4083618
4395386
2857666
3765760
2660271
4837472
4385988
3171170
4657621
3041908
4962417
4868742
3522644
4152279
3849044
4653079
4740302
4064517
3532995
4626141
4207579
3683504
4838898
3831894
3835564
4891128
2964312
3442413
4149276
4468136
4401560
4385850
2576346
4910717
4051246
4230759
4980809
2856912
4234672
3292901
4942609
3721987
3642183
4993541
4098999
4189421
4852193
2891991
2464736
3123306
3551550
4581162
4727066
3506489
4459819
3245909
3171493
3052529
4594682
3167640
4650697
4499136
4431828
5002909
2680865
4415119
4839679
3203896
4482643
4795739
4793079
4172755
3199505
4811460
4335040
3561975
4845990
4195883
3764163
3386213
4600628
1325017
4764899
4862041
3216335
4072539
4736031
3506438
3944266
2764457
4732851
4086926
4074009
1781437
4893677
4726202
4759612
4449813
3500343
4174527
3722649
3907060
4779261
4227870
3979157
3110189
3823298
4074009
4401289
4671004
4796315
4575926
4757808
4991727
4745747
4647842
4520553
2994709
4033771
3197607
4548013
4021813
4096284
4241147
4551988
4124901
4417307
3484059
4082185
4695024
4359083
4632304
4929470
4355026
4629191
4206288
3905033
4324653
3973245
4069008
4424103
4502706
3298557
4486081
2686679
3661645
4141208
4924675
5007442
4974481
4471814
4281142
4060731
4742064
2807372
4760770
4352274
4700480
4526044
3136449
4929889
4191430
4334522
4364634
4503932
3701638
3203112
4351406
4756377
3720551
2708810
3072367
3686788
3391198
4789776
2517598
3404013
4387225
4564363
4886680
5000422
4932730
4931578
4891089
2701598
3045593
3507199
3384327
3078069
4910164
4731926
3088661
4490383
4537000
4426815
3668624
4393194
4462938
3454427
3915127
4414199
4221692
4423151
3334911
4496368
2997062
4008386
2856018
4076681
4366354
3618526
4620277
3927131
4537744
4686070
3197621
3688571
4928343
4938991
3480485
4501748
4164953
4667223
3338448
4895393
4933246
4921027
4609379
4614947
3620110
4727569
4308083
4329194
3781469
2674940
3364172
4831063
4134716
4650574
4242679
3828355
4630297
4872753
1636431
4081084
4919505
5003927
4209203
4860958
4676261
4760398
3519492
3584353
4758032
3942480
3750003
4326523
3759669
3483126
3151299
2914693
4612127
3177895
3966871
3493543
3832623
4597456
3784441
4669089
2996542
2836302
4734146
4842313
4745707
4440459
4580350
1431581
3999291
4289851
4297808
3366082
3848981
4194285
3176298
4265484
3398492
4563131
2947478
4539074
4117429
4713100
4811400
4385934
3566028
4194286
4741636
3756958
4578525
4838151
4158130
4473058
3535759
4961766
5013387
4232649
3328202
4502935
3105539
4380103
4754820
4377070
4263125
4086955
3707916
3927809
4053326
3578861
4595766
4598295
4441450
3842983
4826216
3859655
4264763
4924713
2833193
4356588
4558155
4371837
4901348
4066800
4279981
4125377
4338251
4456659
4812528
3573011
3688711
3359970
3308700
4640987
4365686
4468134
4407985
4484425
4934026
3471474
4274265
4358987
3874025
4907307
4338747
4571731
4589773
4705539
3507213
4823739
5000768
2952861
4672512
4581775
3594180
4058047
3179507
4494602
4576175
4003369
3218582
4294473
3283994
4742130
3441911
4362482
5006368
4927884
3945879
3637377
4092152
4929442
4760953
3169705
4359124
4734858
1601967
4695646
3111755
4340719
2778378
4694969
3180377
4199113
4196160
2791441
4979411
4281158
4253085
3602195
4102808
4745693
4310884
4811395
4118467
4857119
4440839
4060384
4362478
4579783
4264946
4615253
3605377
4646802
4320119
4741475
4344842
4372563
4669167
2800842
4060136
4216001
3702434
4650540
3695946
5011925
4599279
4643297
4161314
4579967
3546995
4895299
4580711
3988079
3797720
3278607
2958121
4431490
3162493
3792965
4320311
3874104
3292963
3338757
4819519
4674527
4464165
4321597
2576083
3656901
2964292
4468872
4207782
3797129
4826591
5005035
3226433
4742837
3107207
3310861
3577502
3601056
4106048
3407068
3690392
4475826
4871702
4929755
4021518
4038460
4154728
4489885
3031469
4131197
3820466
4687125
3493503
4969616
4357513
4203752
4598626
4878563
4533782
2211876
2781434
4999915
3546881
4412031
3300025
3786975
4859522
4842933
4333488
4550791
4749282
4046437
3720551
3279398
3787554
3369482
4132216
3774615
3774615
4239633
4679383
4499334
4736418
3399800
4407272
4850651
4872757
3966546
4568953
3819388
4709329
4670112
4792450
4015342
3734182
4653004
4584302
3796452
4584467
4470332
3032326
4964503
3775512
3060880
3367397
2726578
4102793
3897332
3064659
3627979
4793043
4227244
4667177
4108062
2700114
1906861
4691614
4240597
4113377
2768440
4010359
3058574
2785511
4023701
4955996
2679687
3574160
3864140
4452782
2898104
3064591
4431607
4077753
4354968
4826446
4335349
4132775
3944267
4819620
4339125
4646494
4630661
3297629
2684324
2991332
3888430
3010988
4237266
4611707
3242611
3445760
4367157
4430274
4886511
4730646
3303169
3862672
3567070
3649972
4384732
3018407
4406026
4657206
4588367
4752212
3887019
3715052
3348432
3348432
4751532
3999450
4458878
4764570
4492915
4048215
3972179
4988444
4448127
4280485
3582617
4540577
2861705
3418292
4411032
3464153
4503445
4910164
4390329
3488477
2680336
4805139
3881370
4511365
4309604
3734634
4148960
3044559
4471825
2575531
3559583
4648325
4193738
4071032
4449815
4651563
4212682
3327649
2776596
4669520
4152346
4020823
3642198
3022822
4226686
4148831
4381973
4028204
4350935
3982988
524250
4747507
4351074
3417070
4593644
3240900
4041463
3033182
154094
2709446
4520643
3344913
4045841
3991597
3284243
4502674
4686087
4609056
4037536
4445010
2820018
1276788
4370648
4257907
4794670
4791231
2561074
4789851
4074125
4506915
4741851
5016134
3272464
3571995
4843710
3734444
3229446
2775952
3544596
3216555
3935941
4465903
4550468
3943179
3923676
4765889
4945738
3387243
3160487
4819936
3181345
3387246
2815739
3977001
2315677
3262088
3961292
4657515
4990999
4393234
4023027
3567269
3398009
3040224
3625160
3130253
4353772
2660151
3566186
3806839
4662039
3411799
3956714
4665713
3906224
3012856
3561975
4058023
3633920
3517456
4180433
4741887
4718526
4174038
4112182
4630903
3584439
4747374
4091528
4008708
4546681
3846471
3833175
4522902
1180473
3762186
3853347
3777412
3924288
4516510
4335351
3840166
3084674
4393253
4626834
3260294
3784470
2828646
4589779
3126832
4010899
4628302
4767938
3123372
2386506
4315364
4421748
4259421
4846323
4433211
4337201
2656902
4755543
4237211
4495997
5007442
3277212
4054870
3540081
3059651
4012854
4619778
4352858
3469846
4222680
4382927
3966802
4094511
4414307
3817341
4741484
4830441
3899696
4866033
3084256
3224728
4835110
4340052
4908437
4436828
4053941
4300525
3620528
3862723
2866658
3964277
4924697
4973607
4985007
3299790
4361620
3713000
3955211
2651180
3758808
4660212
4637303
4642524
4504148
4717278
3616708
3567331
3572096
4477851
3823866
3675065
4002815
4838297
2568806
4484456
2465797
4339013
3885976
4316603
3105058
4264765
4479415
4226670
4291150
4320546
3991716
4210504
4694874
4374846
3157470
3770685
4170195
3979502
3868544
3130666
3558521
4862386
4877568
4940098
2845820
4734840
4368408
4855185
3747162
4920146
4525203
3079583
4132708
3715418
3594169
4545815
4595118
2817453
4433121
4225493
3566218
4581803
4633183
3847316
4802171
4276933
4877299
4245974
4873529
3064804
3957375
4732300
4648567
3184152
4893163
4747211
4763304
4190467
4750278
4696152
4338747
4503566
4311429
3487866
4613207
3688503
4816227
3937121
3179467
2287285
4864299
4745786
4991435
4230746
3366082
3528794
4625612
4260953
3834982
4383727
3822649
4855537
4914932
3829911
4583528
4941297
4513397
3431439
2225441
3203143
4543534
3350500
4732845
4551920
3942385
4829139
3198436
2917033
4422144
3815229
3562228
4840291
4455982
4840944
4890115
3597682
4694866
4205289
4898154
4526116
4557113
4854555
4583782
4094887
3466286
3492284
4440769
3187850
4948956
3454376
4411098
4096524
3480444
4544806
4362468
3207861
4371382
1894962
4441450
4449222
3121789
4809497
3464593
4252900
3149625
5009375
4533783
2837897
2913814
3165074
3706857
4924672
4987139
4998420
2785511
4081092
4878550
4532365
4287931
2175317
3817409
4430659
4576457
4694826
4857399
3217052
2779731
4312504
3596371
4686761
4891703
4236681
4011785
4175995
4889108
3356111
3979117
3137084
4717847
3503714
3832613
4774517
3325271
4924695
4293114
4092233
4824080
3317944
4436784
4697857
4375780
3117992
4319788
3198765
3496700
4092152
4231772
4929442
4227062
2933620
4724081
4986549
4108417
3040206
4253085
4313695
4253085
4793227
3917515
2071963
3987120
4546604
4630903
3229619
4391933
4839729
4803273
4683079
4422964
4058031
3912313
4564091
4733038
4968972
4132756
4940300
3383737
2367452
4957209
3384915
3031570
3031570
3348924
2174277
4919572
3867893
3521763
2034469
2653637
4331761
2734324
2836971
2776602
3899003
3133366
4076859
4320827
4904241
4839164
2868905
4321597
3163635
4154856
4672321
4275284
4337475
3503757
4771102
4801176
4006813
4529184
3828128
4378455
2779657
3210802
4581793
3726370
3124053
4063227
4259810
4336283
4725909
4694839
3656837
3651826
3020958
4877597
3822840
3944498
3143171
3575244
4117636
4686566
4427334
4660687
4253441
4327736
4280133
4352034
4565661
4940056
4120273
3567128
4581830
4407272
3995523
3689029
3281990
4354164
4156323
3757464
1687191
4419570
3174211
4728306
4593589
4440597
4446796
4626129
4833139
4220281
4262374
3658001
4339892
2714310
3344893
3804477
4219996
2865566
2919532
4833931
4449972
3753454
4161508
4783893
4236362
3967168
2752166
4506378
3010075
4477307
2991332
4564096
4366638
4820827
3442180
3945288
4297291
2873434
184456
3328201
4661982
3202540
3622636
3868172
4770146
4244131
4439997
4802117
4795735
4457652
2839148
3189958
3385011
4786644
4906469
4482621
3996502
3646737
3646737
2409699
3885825
3552540
3783422
3945638
4496850
2941115
4674781
4757558
4508153
3032335
3350550
3997014
4476581
4754460
3492283
4730626
4674707
4891180
4257723
4334968
4214889
2830955
4603996
3522594
2875660
4254090
4048463
4063709
3478311
4726253
3983939
4630731
4834041
4579094
3032556
3544465
4733041
3831485
4190335
3657998
2992507
3903598
4000631
3916389
4935457
2916122
2988772
4673182
4209782
3946619
3172271
4941359
3042233
4480704
3844377
4766434
3096956
4729927
2857113
3986816
3096973
3668519
4286533
3227514
3557259
3596409
3203583
4365277
3575530
3706516
3284570
4397926
3921169
4718889
4701441
4472213
3676727
3642183
3032664
3056803
3999112
4734779
4027427
3522739
3630140
4860838
4608722
4504454
4587738
3903541
3498280
4062977
4486146
3931302
3131270
1955831
4720447
3032787
3726425
3160414
3021516
4177377
4619391
1184085
3374811
3976390
3972091
3646821
4931502
3947479
3245276
4377839
2913282
3923792
3112224
3786888
4117574
2635557
3535759
4511872
4830748
3157456
3534240
3975168
4631345
4068081
3540084
4414379
2828409
3724472
4353747
2949850
4081546
3590573
3639274
4808009
4581815
4349259
3116826
3759669
3415443
2781170
3942444
1702560
4420599
3728151
4158125
2699777
4756817
4595647
3655379
3063137
3035627
4841441
2688950
4559327
4027873
4946890
3386213
3777978
4918559
4497374
4196863
4270298
3674996
4787787
4226475
3507221
3605329
4783921
4448854
4590641
3285758
4259435
4223318
3827134
4207825
4203416
3682961
3866123
4464480
4067464
4771715
4806917
4081092
3343078
4452689
4472775
4316899
3025916
4951302
4733046
4897702
3051826
3183085
3982988
3430003
3363331
3827746
4007809
3620933
4151993
4770416
3174244
4751466
4860593
3511161
2730354
4782373
3040198
3252033
4170573
4137286
4938926
4773601
3356394
4626573
2518705
3283740
3907746
4000961
4528227
3979039
4418703
3282907
3961341
3817247
4564756
3869823
3350406
4256418
4820703
4579850
4895048
2670516
4859505
4963897
1906801
4364051
4891039
4625724
4172815
3322325
4539228
4065135
4736613
4551482
4515074
2694275
4039166
4347647
4490383
4797281
4411448
2780396
4392834
3675037
4039114
4599252
2706265
4932187
4957230
4769282
4741876
3898697
3622876
4279363
3934589
3899041
4678158
4361008
4773256
4329194
3122057
4395233
3887019
3672819
3132740
4552494
4896021
4407856
4866950
3549573
4162138
2360295
4996945
4703865
3083148
3279376
3966871
4856776
4303210
4916509
2785759
2857016
3342748
3847886
2675057
4436175
4353782
3996502
2175228
4867620
3360661
4086734
4558126
4261081
3160899
4995743
4459821
4494916
4572703
4619832
4737253
3647037
3701077
4425340
4705085
3519869
4756710
4578755
3570705
2952081
4749954
4557973
4637354
2766052
4870189
4858283
4882609
3203168
4158130
5000765
4801727
4958295
3495671
4770214
4830905
3288805
4944761
4375993
4570519
3670843
3596254
4775223
2842299
4380103
4076190
2171537
4773404
4358942
4380798
3012735
4651511
4650859
3213160
4586751
3630355
4598309
4031377
4596496
4850425
4654472
4823995
4987139
4717392
2990189
4765182
1553469
5018195
4042876
4373930
4087004
2829523
4686535
4687091
4525381
3597632
3790733
3337974
3446417
4838297
4834364
4159120
4742148
4742841
3947387
3126732
4122414
4581830
4712816
3517581
4123078
3002191
3948843
4686427
4312923
2360737
3759763
2927536
3671793
3150355
3530381
2151133
4663490
4387245
4560915
4474837
4666367
4003369
4855533
4326448
3870133
2020443
3660529
3032335
4224387
4592261
3756525
4092347
3830745
4697822
4600336
3608661
4493050
3154889
2880659
3782139
2118625
3812016
4725750
4507007
4053163
2881788
4977679
2713978
4239109
4850658
3594444
2360295
3309951
4498915
3960621
4227646
4513857
4196107
4256371
3980230
4391082
4875352
3836241
4944476
3633891
4072957
4748483
4106853
3213274
3350501
4444445
2757091
4183558
3424167
3985661
3985661
4368139
4125414
4197299
3340555
3906977
3669286
3254639
4839733
4098999
4879898
3698785
4626135
3741356
4532929
4401698
4354422
3253784
3157005
4496259
4742855
4812565
4350406
4835581
3605093
4650558
3620158
4811471
4569383
3493345
3946293
4604685
4682161
3084675
4540424
2850327
3628344
3200357
4504809
4882595
4633479
4776275
3418241
4918600
3060470
3673910
3160853
4154692
4014591
4280221
4036362
2908572
4259312
4588500
4581703
4950628
4590599
4324084
4150769
3871166
3921454
3964312
4591690
2813297
4559312
3249162
3788750
3971655
4686092
4994202
3357307
3583529
4419350
4008428
2150734
4870566
4368079
4611713
3771942
4224387
4102512
4368082
3589417
3235447
4542127
2637979
4294362
4594765
4758715
4858180
4109950
4734212
3671304
4024746
3724652
4466389
4899630
4387283
3615728
2957857
3994518
4580205
3787148
2394374
4311507
4692002
3335155
4418765
4583221
2689933
3916338
3064591
3191320
4832500
4741384
3262217
3633909
4806866
4593006
4480703
4511728
4423143
3737016
3552540
4159437
4873781
3770514
3663560
4416817
4666396
4768183
4199417
3914586
3701863
4552545
4542310
1479379
4521868
3358244
4882592
4751498
4482413
2360449
4660059
3510011
3457980
3662316
4012443
4758095
3060028
3697986
4171627
3578845
4391310
3679036
4750963
4139331
2999557
3831485
4197149
4482577
3096956
4726809
4137061
4571093
4342582
2171208
3688557
4999312
4415790
4865914
2453607
3957373
4449815
3873503
2566875
4080754
3734813
4827136
3635944
4368832
4710004
2838327
4302217
4490555
2916826
2312329
4972821
3903613
5006192
4510653
3229559
4742412
3460625
4640840
4454305
3814379
2795852
4695149
4176517
4320452
4512624
3652809
4858750
4232381
4741304
2367446
2744998
3867145
4530945
4905461
3494876
4465680
4709909
4191969
3923868
3893783
3874574
2909156
4511656
4858750
4741939
4757516
3819286
4526231
4594892
3312332
3378718
4870563
3314191
4467109
2600823
4973375
3470650
3701682
4864438
4294948
4811471
4741741
3688782
4254453
4099093
4363610
3787793
4163173
4030451
4032798
3669353
4317912
3551790
4021819
3827249
4614940
4425007
3166312
4853303
4279409
2394287
3979765
4600628
4802788
4416813
4038739
4741952
4215599
4524655
4694921
3870985
4919613
4391502
2649434
4102526
4538859
4453678
4650443
4116245
4931029
3543168
3761158
3112429
4062935
3633853
3633876
2731224
3816305
4011677
4712048
3925320
4871357
4377584
3077363
4227549
3262811
3492371
2815737
4484423
4633961
4372110
2567966
3025548
4102452
4279416
2584963
4658114
4195616
4190468
3712928
4944906
4177746
4142619
4670240
3359321
4332744
4207637
3223162
4100811
4507987
4302930
4718824
4648430
4858858
4505884
2941112
4130630
4181418
4662483
3898874
3612137
4673190
4667639
2898885
4370690
3477687
3985664
4757710
4758284
3836765
2938198
4909859
3630088
4281118
4529294
4231541
4756810
3871604
3701111
4756727
3745427
2361529
3064086
4767937
4694942
4144290
2981734
3760650
4010470
4582193
4568946
3200322
4673266
4372593
4319969
2911912
4522635
4818459
3912228
3950298
4438961
3885976
4741954
4414199
4454755
3813743
4756313
4807253
3640080
4650550
4649895
4695066
4615269
2266861
4950341
4941730
3575808
3700127
3577914
4564359
2994759
4847231
4567025
4631754
4015442
3364172
3531403
4325331
3908400
2583050
2360758
4747178
4117787
4939755
4991412
4100762
3585213
4264755
3207829
3721987
4010266
3444321
3326058
3922814
4594003
4801004
4728496
3585113
3864473
4409766
4067330
3898333
4626182
3879278
2814792
4728674
4494940
4928093
3158767
4798964
4702565
4320311
4426939
4816131
3387187
2241889
3840490
4438970
2258417
4545512
4027876
4263885
3671793
4560817
4391979
4789484
3822497
4192620
3958372
3068691
3609830
4965744
3174173
4599031
2572840
3346737
3103401
4969604
4748576
3474740
4076190
4699200
4619604
4550815
4035898
4632313
3411745
4362468
3351588
4259884
4700864
4520518
3395654
4729668
4729668
4806380
3835000
4857550
4423012
4972523
4973805
4946372
4967870
2833193
4084946
3595257
3917915
4603833
4312014
4312014
4549951
3458032
2920336
4191874
2775956
3858876
4727314
3404013
4824118
4814710
2171752
3926517
4574557
2757554
2409840
4373728
4573935
3084273
4873533
2759906
4854551
4263144
1601957
4579929
2825759
3599053
3552176
4129937
3962360
4464340
4595830
3646759
3060694
4788362
4897702
4679340
4812259
3184170
4363203
4928056
3587415
4918538
4526535
4011338
4383022
3790825
3909103
4267628
3988040
4564390
3722480
4596091
4521865
3383949
3082177
4595011
3400666
4195890
4824700
4854383
4268566
4327758
4092133
4142610
5006240
4359246
2375297
2793512
4409857
1712231
3804485
3285337
3751564
2584963
4640348
3569645
3433466
3174160
3483167
4462394
3359169
4919381
4467102
4501333
4549054
3552885
4482279
2774331
4618596
3154946
4111759
2944882
4231016
2883694
3843810
2733150
3891869
3697986
4159407
4527739
3267730
4762545
4741471
3633876
4791267
3185409
4149512
4643248
4678866
3252264
3756105
4517050
3246570
3412797
4437361
4493409
3594239
4975574
4231224
4216204
4086999
3459855
3063379
3376394
4086270
4665911
3521476
4918600
2259170
4991437
4169336
1802738
4662207
3417509
3986976
4102830
4676731
3419765
4686759
4652747
4877580
4742787
4405000
3750610
4918319
4619670
2925947
3388061
4879633
4742098
1142491
2978102
4921634
3538650
3727215
2376060
4605768
3006385
2820552
4194318
3887009
4302667
3942467
4759627
4823084
3360134
3413348
2809809
3510261
4674714
3696004
3929706
3668793
4267647
4370677
2987811
4859571
4972999
2874764
3557377
3935829
4023949
4368515
3577695
4551318
2655664
4793219
4726845
4262479
3190775
5007826
2150721
4977287
4663266
3823835
4651554
4480507
3569575
4222560
3946619
2993748
4513012
4223419
4721009
3477144
3034184
2653195
3410491
3906589
2621261
4071021
4742181
4367157
4369722
3210366
4381604
4175630
4262501
3307315
3472395
3092180
3688771
4070648
3013136
4563553
4417300
3599646
2427038
2782044
2168397
4356387
4829863
4105463
4872770
2171671
4807090
2373871
3150449
4839088
3352656
2776531
3528700
4145853
3366984
3834046
4052530
4074068
2588539
4813184
4015902
4493092
4863824
4456282
4047874
3179747
4496632
2655725
4394953
4110041
3807682
3546734
3734813
4015687
2927538
2845631
4678158
1976446
4467472
4338234
4854810
3681704
4081103
3178609
4794921
4537036
3636213
2982111
2045673
4503837
3872319
2859386
4213468
3384637
3140523
4686813
3826988
4312504
3905894
4049914
3774913
4125279
2993678
2886854
3236773
4769249
4870690
4760305
4784912
4912642
4406435
3851837
3923641
3650249
4748701
4411155
3202798
3396623
3651163
3741133
4626174
3477635
3998068
3362684
3563537
4064348
3922431
4813092
3281846
3515514
4294948
4428054
4232360
3285195
4484473
3774280
3605451
4697139
3412803
2172951
4011591
3897189
4121302
3078326
4671609
3653903
3491062
4789582
4991724
4907041
2581490
4714905
4126692
4180139
4383025
3614054
3717849
2717370
3819286
3213079
4632002
4513676
4990101
4350611
3575244
3763373
3482220
2873442
4081508
4666118
4816316
4711775
4713224
3852023
3777931
4150970
4881472
4604688
2649434
3228994
2859064
3828811
4304804
4559387
4153407
3893417
3568027
4939549
4741650
3439931
4207825
3829869
4244135
3264619
3203938
4264013
3219184
4081076
5007532
4920179
4733046
4739769
3764184
4400595
4357704
3785563
3496700
3445593
4883796
3517305
4840222
3292188
4806980
4038485
3756900
2736622
3798953
3565976
4253450
3362551
4244134
3025972
3174244
4807999
4826200
2173691
3822627
4971317
4300525
3163588
4038841
3661362
4654329
4700480
4578959
2865566
4429113
4502769
3847338
4275590
4737181
3717305
3186908
2910720
3898376
3646741
3567024
4706723
4572080
4432624
3873892
3995960
4881505
4028230
3261210
3605217
4583097
2654156
4232687
1935018
3861124
4727552
4777551
4480507
4625550
4769165
4827067
4947829
4742834
3757040
2094084
3396653
4054923
4133200
4650542
4515074
4432501
4432501
4381590
4430315
4430315
4508495
4263371
4935105
4931237
4974905
4055408
4270898
4361008
4157315
3750807
2936806
4734840
4239051
4734112
4278321
3402461
4640152
4148127
3899955
4496188
2889771
4033424
4288926
4428436
4154646
4873670
4873529
4897763
4885800
3829991
3712492
3470577
2822934
4381933
3937117
4173039
2722991
4242664
2776020
4430306
3595217
3984027
4414173
2963119
4739668
3672780
3495902
4826942
4880866
4250062
2989321
3162493
3001051
3579842
4370722
3433428
4450477
4376746
2929459
3744948
3117020
3431439
4159437
4298385
4171633
3163666
3059717
3693405
3928996
4716300
4741636
3756958
4660214
4887810
4965744
4609750
4340760
4167328
4459267
4823984
4378893
4907319
4516205
4673528
4830935
4747359
3239188
4380401
3124549
4568518
4598085
4779230
3791366
4370694
3938039
4425239
4019499
3585270
3154957
3047806
3166938
4052813
4732853
4533783
4791239
2633047
4947185
4195821
4649508
3181343
4951256
4256087
4036472
3082546
3313954
4564095
4198628
4686070
4975574
3953484
3911973
2172952
2311276
2670517
3566038
2360737
4322973
4344852
3836737
4526098
3536703
4624936
4783941
4649039
2896721
4459818
4199507
4887429
4613366
4940081
2887373
4345154
4458138
4830877
4092152
4385263
4519132
2873697
2699477
4652893
3154848
4951242
4770246
3765780
4768956
4850658
3899955
3950667
4650722
4303977
4749540
3722480
4138053
3235151
4051595
4449028
3478268
4249746
4192321
4544806
3794716
4969615
4954757
4943469
2525583
3989220
3597632
4193828
4773430
4425521
3896509
3039439
4890982
4886686
4623068
4791231
3140482
4344605
4369823
4274106
3881507
4607365
3653942
3717479
4581213
4760299
4198192
3929299
4879261
4164664
2864910
3136543
4604482
3827347
2864910
4571141
4950473
4408646
4879898
4398389
3458570
4382129
3546911
4649508
4310189
3755970
3460623
4976208
2829079
4523817
4148247
3503757
3722315
3229488
3925986
1950944
3266244
3896333
2665227
2850327
3610976
4177559
4353781
2688950
3379971
3829733
4665911
4406530
3905720
3411621
3635019
4967824
4257532
4519289
4028618
3744532
3812138
4313950
3672723
3536703
4207949
4249742
3688904
2652027
4742787
4967816
4437538
3643914
3655379
4872776
4592217
4015503
4813269
3757055
4529228
2651626
3105227
3616012
4916894
4756710
4591331
3160837
4330937
4094554
4416788
3881041
2785764
3185288
4038841
3757680
3900443
4050037
4244015
3865155
4055634
3396659
4539547
3817177
3516707
3124522
4931692
3335944
4774052
3848931
4480753
3631164
4260437
4705687
4411154
4328647
4667499
3944251
554775
4842982
3511360
3806656
2553261
4863375
3825507
3378125
3962006
4838787
2171611
4669760
2553762
4555127
400667
2638781
3174244
4363821
4786750
2148155
3575370
3049779
4773767
4229875
3319806
3486862
4035898
3777999
3382585
3974844
4805551
4464450
3853032
3384754
4711799
3521681
4910164
3674255
3982276
4752002
3013018
2650783
3895487
4368067
4119407
4537234
3994104
3258544
3851566
3111465
152645
3639056
4711019
3299642
3357276
2994708
2916133
3349530
2763051
4835519
3627664
3525937
2714117
3927811
5005263
4933460
4857404
4574948
3575244
3095507
4326877
4639610
4686083
4610232
3493455
4973367
4899026
4321984
4233654
4472213
3364569
4498366
2993678
1067522
2490761
4742909
4685222
4673746
3171170
4498276
4326193
3813862
4513340
3042739
4459834
3689607
2924401
3827463
3411637
3947548
3632611
4393110
4385850
4509441
4733790
4767937
4483505
3941643
4359625
3271045
4434871
4598833
3426487
3096875
3936794
4547052
4066751
4344852
4558569
4066663
4619738
4581787
4546224
2315674
4027873
3505927
3322525
4712703
4415119
3532605
3365040
4153712
4446431
3186754
2888831
4021359
4823861
4166325
4599908
4727071
3626681
2171724
4420855
3272005
3216985
3077363
4600763
4887499
3945288
2850929
4823113
4845279
3033901
4453457
4729957
3974058
4741546
4059749
4783921
4757796
4581817
2908552
3365970
4832220
4686117
5008401
4024763
3763460
3961361
4739769
4739769
4670240
3051826
3504713
3223162
4598566
3265956
4463833
4814827
4910922
3829018
4670931
3380028
3391219
4259308
3868411
4655319
4297966
4756293
4170624
2645813
3715427
4991462
4650373
4784296
4362455
4640092
13917
3287199
3706516
4700480
3302234
4820703
4775225
4356292
4649523
4310737
4623961
3597735
4632290
4018296
3359283
3019150
4507259
4820703
4476014
4938201
3734824
4481296
4075037
4550104
3839891
3573027
3760612
3575850
3909103
3839911
4309598
4819173
4836676
4657167
1935018
2902752
4043770
3191508
4180749
3510013
3900716
2874542
4861344
4186529
4943277
5007679
4962093
4667618
3733161
1131927
3873252
3585870
3822847
3380295
4623150
4598844
3976295
3849990
3698794
4342347
3566071
4809659
2999539
4264179
4873529
4897763
4904208
5008322
4976218
4963907
3816220
3135487
3945815
4783030
4215603
4700080
2879562
4315491
4425962
3189908
3942480
4436893
3542591
4649504
4558128
4282692
3965476
3001897
3151299
4058033
3266253
3631284
4066782
4651797
4356410
4850030
5002903
3804274
2747269
4951772
3784080
4415338
3519869
2895430
3783180
4895030
4303671
3995095
552969
4591282
4106986
3796690
4268095
4756815
3784760
4735631
3055894
4403680
3771309
3822797
3566028
4210896
4676093
3663556
4833305
4871414
4859507
3871542
4807949
4838168
4623715
3900395
3526580
4775223
4502935
3744467
4568559
4003245
3973678
4445909
4380134
4865476
2784946
3483146
4624986
4769820
4786200
5009663
4859522
3780547
3675098
3530541
4558170
4237256
2615026
3688836
4530624
4519864
3695839
3368064
3835479
4732826
3694449
4210192
4790646
4380234
3101955
4263015
2952812
4426950
4500926
2149359
4511870
2193207
4851366
3143278
3552176
3971452
4824080
2806826
4010359
3378893
4646919
3221692
3814616
3904915
4933037
4440517
4884979
4188600
4468815
3720625
4131214
4510650
3651256
3677623
4342823
4188521
3212581
3737541
4826611
4551318
2662814
4162140
4482643
3348897
4928061
4522077
2659326
2877092
4532469
4454173
4244627
4633168
3478535
4230582
2699777
4301905
4881532
3603251
4894954
3738137
3466234
4676609
4940092
3398752
3846833
4742118
1636664
4404136
3950718
4990753
3652830
4320311
3996668
3996668
4380122
4937322
4229205
3365970
3319646
4868541
4846514
3879820
4773893
4742834
3330266
2945023
4727290
4336283
3742497
3271037
3656837
4710866
4510299
2360353
3198089
4802467
4730212
4192620
4537234
3800603
4169584
3633863
4153698
4700473
4081806
4839694
4521853
3053352
3411787
4380123
4648331
3050809
3384622
4115017
3782470
4718815
4872735
4773605
3582636
4818029
3056803
3681647
4353724
4650556
4116300
4924714
3966261
4387751
4156783
3814616
3781480
2612995
4077733
3251593
4270243
3313996
4340921
4740996
2787307
3817177
4133155
3913643
2768440
4501087
3806657
3145659
3334972
4546460
3587420
4480908
4688046
4376883
4860857
4727404
3022818
2867938
3426548
2652491
3961347
3136522
3575585
3008692
4008663
4194090
4754416
4584467
4128856
4742081
3358244
3115977
3688771
3956720
4280949
4899007
4070648
4585836
4701481
4794652
4883780
4132024
4469373
3511347
2763847
3766450
3465268
4686101
4987530
4942676
4456149
3384754
3291639
4694964
4303590
1141268
3946688
3687337
4278581
2680824
2810323
1702488
4046834
4436568
4265287
4503745
4022470
4039656
2841205
4613535
4008503
4486450
4552826
4260775
4338300
3665679
3053352
4425982
4676510
3239205
4103765
4403310
4445299
4112974
3861617
3875771
4962465
4389251
3953816
4760374
4137453
3649763
4318623
2831460
4830256
4039622
4666032
3084749
3895671
4557334
4136804
3049216
3510844
3573122
3541999
4001836
4414596
4636315
3488571
3911923
3653351
1481595
4669757
3589482
4657170
3356305
4521150
3431931
4293108
4524618
4074292
3445554
3729647
3012671
4697139
3585356
3102111
3914524
4967829
3819391
4644319
4425572
4671321
4159348
4653763
4990999
4741707
2745805
3574152
4454568
4941040
4042639
3511347
4836006
3561292
3493498
3549988
2375059
4545789
5002214
3597499
4652753
4310934
4485789
3544824
3823021
3328392
3367175
4341019
2413190
4603929
4759820
4409530
4800105
3466278
4516510
2802353
2802353
3974058
4564885
2397535
4387661
2828646
4161876
3429488
4782222
4231084
3974765
4772955
4214751
4524707
3435304
4826190
4196986
3276580
4033771
4284123
4022734
4648430
4895768
4947155
4704545
2892485
2671481
4749552
4400590
3728367
4094511
3528762
4502706
3668627
2955716
4891035
4899027
4938166
4990912
3431852
3384411
3282064
4230757
4974055
3936852
3181057
4924758
3247195
4429113
3636998
2651180
4771097
4670935
4335040
3688771
4427743
4754993
4511458
3525804
3583720
4466258
3708436
3718336
3436854
3813455
3283653
4929728
3511424
4791021
4802056
4074974
4379048
3050809
3391299
4354233
2527015
3423359
4384098
3373505
3640080
4649895
3844447
4454598
4755750
4557061
4160936
4848777
3782751
4972901
2794162
4640152
4161364
3783433
3832248
4260797
4288926
4552644
4826180
2376343
4963907
1853120
4201086
2783265
3615158
4356562
4029951
4941180
3320554
3622153
4384308
4304784
2776020
4701481
4764704
3744468
4643066
4724812
3759676
2756316
4622579
4526091
4233966
4488577
2660310
4918563
4657170
4683652
3982999
4033348
3717962
4599498
3219204
4855537
4714835
4556687
2683830
4924695
5006076
3552540
4557334
4194285
4665970
3704647
4796911
4511870
3936225
3668180
4743993
4730212
3688994
4673164
4638007
4872732
2724284
4426939
4927879
4421784
3639976
4820827
3750464
3402503
4435615
4660207
4196723
4359269
4404054
4673693
3124549
3184947
4741864
2739516
3946341
3607995
3708934
2972219
3622022
3858279
4441450
4823945
4597453
2817461
3357558
4890593
3064803
4705515
2045673
4666613
4445567
3248457
4176121
4792565
3667171
4525381
4459570
4387959
4966711
4409761
4816172
4357437
3371019
3276087
4914298
1087898
4820925
2730749
4853961
3236187
3906830
4322648
3747076
4994859
4090037
4147220
3741204
3324359
4624598
3954894
3355027
5006368
3789891
3154502
4811775
3651093
3507171
3341596
4840862
3105105
4720127
4389243
4609057
3848655
3319518
3975903
3544892
3145975
4277655
3602195
3742830
3544727
4697796
4558401
4742136
4063716
4494956
3527334
3633891
4364596
3131252
4355365
3329438
2820093
3773398
4341004
3615610
3878682
3037682
2890584
4599279
3239205
3956987
4218658
3160293
3219718
4504068
3526350
3167062
4442811
3407172
3463558
3314903
3226485
2733150
3405213
3165108
4999312
4424039
4055944
2750749
3350548
4663266
3919158
4346365
3210802
4636321
4741606
3071826
4459834
4848833
3384409
2330158
4794165
2193391
4352847
3372537
3334889
4750042
4894449
4355072
4023608
4356240
3877035
4746808
4786868
3290747
2375198
3788130
2148190
2994895
5004159
4824593
4339042
4806599
4549040
3704985
3779194
2883879
2888221
4117636
3563686
2958915
2241608
3821890
3944245
4658161
3114089
3075211
2195911
4924376
4967940
3915119
3923636
2930059
3962334
3743743
2696599
4429234
4927273
3225385
4300227
3616127
3057966
3945943
3584584
2582166
4318056
4444278
4748576
4728386
3995911
4673206
2845556
3890350
4539660
3510383
4632119
4467102
4618854
4918529
3737549
2898751
3069018
2882321
3728318
4786577
4103839
3915667
4735695
3829021
3496669
4369722
4408980
4831887
3526599
4542310
4720127
4553131
4254098
2532718
3532434
4393225
3541044
4519890
4686892
4945584
4777421
4493467
1410771
3037976
3861084
2877108
4442007
4187550
4750748
4896021
4501367
3273475
4870812
4673882
3004846
1159117
3357601
3676639
3419267
3412653
2952856
3621411
4533781
3833215
4889862
4351306
4632317
3103298
3552964
4492744
3494428
3480432
4404069
3869942
4737885
3847337
3492272
4160241
3909047
3523086
3358329
4240597
4811533
4728432
4019488
4746808
3950879
4394946
4529304
4007575
4526233
4649017
3109420
3364991
4620645
4858182
3722158
4837472
3496480
1796876
3434180
3177020
4251904
4174157
3791395
535545
4088094
4947669
4619391
4760400
3457993
4210616
3283725
3436885
4964503
2981734
2688950
4139380
4339125
4474778
3492236
3390387
4650556
4860838
3787157
3019111
4741621
4464648
3103586
4956712
4495152
3742460
126231
2963544
3660111
3852023
4391606
3753454
4436888
3637393
4598833
3087327
3633853
4826411
4741485
2731224
2958845
4081092
4483252
3825654
3466278
4181850
3480637
3275615
2820661
4387661
3986084
4739712
4163160
4074009
2995064
3351177
2748685
4590675
4876461
3862182
4199704
3847308
4395490
4696832
4429822
4058039
3472056
4094388
3899370
2944160
3680921
3969302
3266931
4786677
4673190
4651788
4388007
4274008
3597674
4733038
4823986
4814264
4807160
4519790
3563986
4064453
1553456
4579788
4675091
3334623
4821876
2958823
3064086
3973334
4670963
2893813
4259446
4126728
3182249
1784105
3219729
4848684
4671098
2771914
4886823
2465797
3200334
4008431
4256660
3072401
3020928
3105058
3391299
3653892
3726711
4374846
3569862
4199199
4881025
4899694
4891030
4946387
3711455
3380295
2719617
4869170
5008017
3385011
4618055
4385839
3711002
4749807
3896791
4033424
4598844
3362261
4117460
4009328
4747340
4460304
3559343
3492491
4262490
4502912
3283893
3841097
3492491
4431490
3503326
4297413
3812963
3831923
4557134
4768169
3597533
3653893
4867620
4072627
3493269
2518489
4869778
4981892
4842313
4918563
3538378
3704647
