3699283
2722078
4378213
4268317
3310878
4223683
4546487
2799008
4999915
3203188
3192133
4301556
4766681
4588595
3760824
4814506
2948423
4526516
4198629
2709562
3218863
3930545
3201865
4441322
3469528
4755590
4584956
4967946
2094084
4841592
3105059
3623771
3531498
3712487
4931287
4732657
4958989
4197639
4741698
3880928
3914652
4665365
3764186
3960238
4822018
4489713
3407083
3629026
3182888
3327688
4279227
3291536
3984094
3616723
4028201
4881444
3874239
3158073
3383762
3087489
1177932
4320119
4041451
3513600
4393111
4321439
4736020
4338613
4873128
4694649
4868541
3934205
4846514
3983229
4437646
4931909
3441787
4627815
4884586
3457707
4172213
2249701
4633829
4138036
4762163
4494006
4669805
4717265
3396653
4286517
4737141
4924095
4451617
4802171
4055408
4665669
3519492
4181224
3920935
4506956
4405624
3544824
4385846
4518466
3280300
4978965
4691614
3308699
2885999
4705926
4313950
2837472
3573021
4515072
3479169
3202637
3637305
2934671
4742165
4169428
4483168
3843664
5008403
4785794
4369817
2440547
4937820
4249944
4536594
4261979
4700739
3982140
4792960
4751485
3641329
3011007
2064445
2958838
4718815
4927273
4199139
4185346
3495857
2585101
4893279
2607019
4856960
3091496
4774120
4008428
3659046
4050166
4076416
2984239
3326294
3628839
4118242
4839729
2856858
3218913
4668011
3895734
3734356
3206074
3553006
3815232
3487767
3527931
3804477
3060880
4276330
3832605
4646573
3864959
3963894
4369810
3342283
4941119
4754773
4360920
4592544
3215933
3896397
3365886
1906762
3261155
4754369
4963475
4949652
4774471
3779529
4669659
3502700
3096082
4991058
4190180
3367205
3579931
2568806
4017886
3084817
4157315
3419695
3979108
4525292
4467083
4875589
4990645
3804154
3311850
3936832
2891991
4181361
2928848
3912179
4770267
3098884
3541391
4546463
3142161
3774154
4094376
2615303
4004345
2848580
3923348
3570281
3457966
3397998
4291683
4334522
4281142
4529193
4208086
2958111
4643399
4514787
4784915
4288353
3049779
4172781
4055803
3887256
3688503
4229875
4844683
3641333
4306688
4764570
3360619
4546481
3755341
3105114
3620909
4403443
4691491
3766450
3166200
3527584
3832366
3927476
3574160
3498358
3788072
2671827
3297509
4277293
3602302
4633721
1141268
3580132
4152054
2825243
3377114
3410851
4375889
4716793
4383028
4778064
3818261
4014556
4914333
4559018
4197151
4546614
3929701
4589293
4366263
2585073
3805924
3012093
2377434
3886902
4360706
4881214
4805080
3843687
3534080
4986635
4340921
3661909
4432279
3720245
4825548
4117569
4439054
4558600
3543453
3032314
4073279
3077392
3598699
4000527
4524707
4302834
3528651
4741601
4697852
4066800
4703974
4203335
4641732
4882555
4581748
3842921
4411297
3834268
4553083
3694919
4871470
4680930
3003309
4449205
4531055
4651329
3967930
4447275
3364569
4932495
3691122
4442811
3077402
3112203
3284243
4972548
2913990
3742469
4482699
3192174
3886889
4652202
4616029
3280463
4476590
3525598
4846397
3121616
4498266
3677907
3698794
4705382
4365485
4695073
3724908
4678626
3687460
4501009
4362480
4138401
3365886
3792035
4353717
3374811
3283725
4385850
3397953
4265704
3288025
2734887
4763451
3828400
2883652
4564080
4365525
4811767
3987991
3517579
3923792
3577874
4687860
4265428
4012842
3846618
4866043
4663685
3430618
4696735
4544774
4370750
4664732
3092591
3767823
3348009
4676023
4145810
3940611
4080754
4574928
2064932
3591522
4486168
4600756
4658063
4777543
3262753
3448647
3454319
4133155
3161073
3702746
3882047
3415319
4806981
4795739
3043055
3847485
4549214
2888831
4453449
3549988
3299674
3492382
4278723
2597730
3656156
3875540
4567046
3554784
4731818
4386828
2172460
2374721
4109958
3717055
2995317
4401698
3737134
3936737
3551550
4133727
3338435
3785146
4595180
4812240
4821625
3189195
4980446
4605325
4523612
4001236
4200525
3943677
4207615
4340623
4304614
3784470
2602979
4782222
3777897
4081092
3716890
3234246
4357066
3787937
4826190
4421748
4824414
4552866
3219826
2697330
3032888
4613606
4438913
4374627
4693503
4699913
4751435
4192539
3765320
4558500
3973245
4083739
3905719
4275284
3934132
4383551
4569258
4203876
3651521
4859328
3886195
4826200
4825722
1553456
4409711
4917896
2491723
4720127
4709566
3824535
4066331
4710954
2323613
4340826
3554659
3307059
4712879
4652762
3713000
4782373
3737409
4675091
3758808
2820093
3943907
4123608
4642350
4632290
3896787
3981781
3597591
3093403
3337622
4626171
4640181
4868678
3226470
4397664
3487758
3104983
3813455
4309598
5007466
4459169
4768148
4282019
5007466
3769364
4232367
4506960
3748912
3885976
4312355
4346630
3463771
3866772
3995524
4628355
3116823
4493986
4812543
4735745
3124541
4834579
4878577
3979502
4772383
4067544
4924104
5009750
4890006
4347646
4422587
4386079
4144958
4459940
3661979
4384738
4010461
4337726
3362579
4840929
4433121
3747148
3422290
2670503
4024746
4682171
4510265
3309172
4590585
4735655
4501748
4406063
2924847
4347641
3477275
3701640
4627314
4491224
4306116
4498635
4368604
4033424
3248424
3828355
4822005
3422256
3431347
4871485
4915028
4918330
4968859
4914334
4222816
4648567
3408856
4580344
4523609
2733743
3384323
4466662
3594181
4853282
4669705
3930741
4384308
3596252
3751641
4121523
3012114
3674374
3894209
3319585
3160414
3539985
4533975
3874440
3922744
4748110
3679059
4745786
4745786
4403923
3856043
4718288
3522588
4919849
3439902
4440459
4339434
2687431
4894959
2812548
4787776
4590600
4351520
3383705
4484424
3661225
4381498
4546488
3756958
4587775
4408646
4838909
4427333
3958372
3590610
3782480
3203168
4884944
4128851
4473058
4979590
4911378
4989428
4303303
4801951
3608505
4634134
4800422
4503440
4671020
4667760
3503564
4520737
4526116
3326247
4156093
4494600
3911986
4751440
4519984
4015990
4086955
4472139
4476113
4788405
4141370
3798251
4742389
4076836
3897177
4669746
4259884
3825507
4686657
4398317
4821889
4581869
4151849
4741952
4146490
4937440
3533079
4653007
4723121
32296
4941314
4595830
4494924
4050181
4696495
4597257
4430274
3558425
3527616
4569358
3831906
4431316
3116852
4191874
3500650
4452692
3835479
4612089
4102815
4560490
3086626
4523890
3908745
4893611
3947387
4848833
4438967
4471556
5007918
4633243
2173568
2910115
3006024
4394354
4223762
3731557
4928339
3874025
4667880
3464269
3542341
4291052
4569848
2262065
3994041
4195890
4937260
3526589
3950859
3030586
4066752
4742181
3389799
4515781
4664790
3814367
4453457
3781480
4464597
3383700
3425087
4146002
3858345
4423933
4733325
3483167
4467041
4046687
1764728
2699477
3111472
4538829
3607566
4691652
4453516
2527015
4525203
4752002
3722152
4407384
4021255
4191416
4581828
4545512
3476228
4367239
3614976
3863424
2118062
3435395
4847175
4506380
4091171
4558123
3413417
3262823
4705474
4193828
4517792
2868809
4705439
3910462
4521078
4935975
4722453
4851291
4946387
3514159
4732657
4035094
3391280
4921817
3824654
3671974
4910750
3553979
1635720
3686977
4476113
4940097
4860845
4706424
3697100
4641711
4114785
4866648
4728386
4302307
4636255
3599235
4496396
2755649
3909372
3460623
2917355
4826614
4760315
4340906
4820693
4835770
4414174
3932557
4119236
4639710
4492094
4489885
4234660
3016969
3477635
3796304
3483423
3024414
4469373
2845661
3212510
4503725
3069076
3223176
4050196
3925320
3825654
4908409
4723225
4438057
4089830
4673280
4536295
3644048
3335155
4081806
3084716
4947924
4939212
4530872
3542797
2647773
3583183
3526458
4833931
3527276
4814109
4508040
4849706
4246696
3066130
2958838
3754968
3823228
4944721
4713554
2253558
2695538
3965503
4670112
4833141
4334261
4330937
2213440
3679596
3380857
4621836
4771101
3113856
4203876
4382998
3907012
4515077
3967971
2919532
2216418
3358587
4691078
2602975
3616012
4237372
3759121
3365899
3990546
4636795
3575355
3468597
4621745
4037220
4430428
4727519
3497614
4792542
4723225
4464288
4058809
2617764
3502700
4549033
3215709
3847332
4494597
3432032
3438169
3441651
3521763
4850034
4161885
554775
2945017
3252743
4937101
4416270
3189958
3317775
3590984
4924994
3408577
3608542
4506383
2570520
2737221
3749167
3776368
4394351
4561382
4008663
2118556
4741990
3466263
3355131
4457035
2944331
3990581
4144852
4958275
3688782
4837542
3413442
4732857
2830469
4753414
2952586
4764910
3634286
4334968
4482198
3135351
3893616
4714548
4558123
5005380
4672160
3500324
4649527
2568827
3075211
4006364
4849736
4121613
4196567
4675718
4627065
4520452
3602302
3639274
5006017
4166759
4108363
3265522
2376060
4624696
3742546
3419267
4371837
4433191
3291620
4918623
4564187
4805173
4562567
4496632
4085717
4727355
2731858
3242057
4649658
4467472
4036240
3322525
3661443
4114201
3860122
3774751
2615094
3245308
3846471
3326007
4192124
3572169
4747836
4123086
4449304
4364666
4501763
4666674
2671458
4741601
4564377
3872319
3982988
4791632
3009684
4663266
4941533
3305999
3549248
4303119
4152300
3130887
2173472
4718728
2361849
3542341
4888052
4553399
2615503
4995096
3950499
4613988
4029552
3103400
4108400
4467114
3510014
2928848
5007461
4812252
4464468
4243371
4626195
3763252
4619539
3219179
3338744
3857815
4366636
3423359
4798946
3627468
2447181
4500389
3248577
4010359
4910730
4891105
4459816
4482507
509302
4385850
3869803
3258255
3273471
4454313
3091322
2951341
3104033
3160582
2949839
4151789
4308408
4516205
4823982
4197140
2768442
4753523
3477166
4915067
4039124
2394287
4580191
4521854
2991272
3897490
4742742
3285655
4114781
4974077
3401127
3458053
3639926
3422324
2503184
4860804
4186680
3889684
3333881
4436057
4663490
4691244
4686221
4502687
3521872
4544884

3563622
4890675
4446364
4999551
4931288
2768461
3446537
2850929
4576195
3318698
3541284
4515030
3945288
3168520
3224667
4108354
4249599
3303840
2915805
4598758
4102452
3153963
4818510
3991667
2908552
3700899
2929330
4615268
3568027
3227598
5002297
4895018
4947157
5011916
3828809
4951198
3164180
4380807
4351092
4417279
2889931
4862184
4039432
4917737
4092152
3265956
3299683
4627809
4072584
3832373
4673629
3510514
4183554
3189397
4619778
4007809
4077733
3698167
4338193
2897763
4253450
3929701
3041822
4414193
4655319
4733038
4064453
3822627
3433787
4725973
3059716
1188517
4371653
4268694
4985570
4930277
4794169
2241871
4494932
3262219
4242838
3339469
4767937
3072010
4010470
3116838
4396600
4263739
3640086
3366088
3931808
4019852
4778065
3748374
4829432
4483165
4270243
3275619
4889948
2917039
3651136
2958823
3361481
4219743
3743777
4735702
4947914
4931827
2567431
4930440
3623635
4592186
4289609
4619507
3561979
4828673
4673248
4266902
4899922
2949806
4805106
4678657
3274541
3429922
4335018
3454427
4598156
4551482
3280870
4595657
4039164
3620498
4552301
4083437
4736712
2847828
3045621
3979850
3887275
3105413
3969040
4725750
4908603
4615388
3783193
3110188
4941120
4950242
4065548
3660918
4699379
4102505
4521991
3326205
4869683
5003478
4180644
4682171
4760121
4495056
3894551
4391858
3545970
3526026
4047860
3250491
4628070
3492551
4131725
3605103
4811467
4057482
4033569
4858973
4994041
5001836
2877639
4381933
4749567
3193536
4649848
3346764
4227649
4726926
3708416
3283893
4669751
4425643
4181616
4239612
3448699
4709732
3420923
4801004
4558517
4501661
4487252
4270178
4747598
2747266
4791683
3292891
3311078
4345971
4860824
3491370
4359378
3581489
3903613
4467415
4124017
2771016
3292937
3582444
2640210
3308699
4502697
3196574
3283658
4569320
4705544
4234247
3804274
3411681
4546488
2766052
4539182
4850254
4858182
3928818
4807949
4908780
2758398
3022670
5000765
4910092
4929150
3554740
4389865
4467123
3813504
4588570
3583667
4872766
2173542
3798251
3662312
2711052
4644374
3843528
3675082
3953594
4199512
4632302
3390334
4359251
4582980
3136934
3695935
4143933
2265438
4823945
4790651
4813707
3766969
4734616
4222122
3563539
4854444
3749120
4995432
4914282
4946878
4454162
3152909
4872754
4518658
4904785
3297677
3161736
4660649
4689138
4764858
2661137
4902951
3522013
4259811
4686056
4727314
2983070
4570807
4202133
4176185
4923262
3589474
2932661
3665803
3937095
3983045
2730749
4344754
4147337
4215835
3747076
3511274
2263137
3159448
4262201
4843232
3982994
3864812
4626270
3720612
3046407
3013064
3496702
3032667
4027218
4027218
3292550
4362482
4838368
4569347
4192539
4780064
3329559
4235021
4754719
4558571
2807262
4694826
3930545
2677670
4583834
4510650
4148220
3913705
4263371
4502042
3297630
2881788
2991360
4191414
4062507
4391292
3848374
4572734
3685568
4746260
3988164
3308691
4200715
4076197
4502912
2071963
3765760
3051337
4123072
3956896
3553962
3795033
3759350
3564925
4559375
4918310
3848249
3796214
4581044
4424430
3840052
4931016
3049238
3618279
4355741
4675686
3459802
4880054
3675494
3998908
4792575
4602622
4373426
4691124
4919572
3141076
3237582
4287722
3592818
4880544
4150800
3797720
4961470
3960620
4180847
4221711
4423948
3610289
3182888
4275069
4712341
4923567
4694679
4551985
4393111
3398181
2909245
4910723
4207782
4733035
3686744
2997509
3999713
4196986
4998210
4620555
4478030
4913267
4891127
4516240
546210
4990992
3823204
4340906
4871371
3575015
4176337
2711597
2266940
3880704
2866326
2173568
4192551
3258196
1484599
4800002
4886582
4884947
4830979
4802467
4659944
4081103
3565087
4499882
3268861
3471241
4742842
4589512
3621825
4331492
3223176
3902928
4427334
3285337
4667657
4255684
4771715
4556980
4951229
4377314
3749938
2631155
4066802
4304844
4316742
3229579
4833931
2855512
4291483
4494601
4669722
2804594
3945522
4800248
4541044
3521558
4353724
4580386
4112018
3517555
2998014
4076416
4742982
2775945
4845998
4485018
4648416
3323867
3814616
4638343
3707228
4579788
3525804
4557053
3900537
4998176
3822845
4598089
2886066
4121403
3072510
4376147
4716144
2763347
4493019
4593789
3320568
3933565
3982106
4189533
3901748
3540673
4491626
3254629
4508667
4854376
4549033
3699651
4532471
4806492
4546466
4564177
3265030
3069009
3997870
3741195
3521763
4589407
4459224
5000617
3809393
4067383
3642294
4046977
3700921
4618854
3694138
4057711
3962345
3497310
3570080
4416817
4561382
4121400
4121400
4288174
4732284
3851742
4814049
4980448
1876226
2833311
4133190
4695118
4312903
3544714
4633770
4710241
4013162
2553592
4076514
4363821
3834333
4667919
2629577
4781843
3478464
4393225
4431490
4728682
4258842
2639708
4571303
3813591
4745079
4526035
4270319
3789231
4296934
4123098
4205227
4832553
3816305
3107376
4370190
3478311
4496087
4319003
4972952
2647799
4691496
4309054
3463771
4742167
3032323
4940426
3149061
4717977
4145853
3591433
3302730
4544573
3926010
3937226
4459202
4039467
2892483
3941052
3774751
2118669
4768989
3871427
4591331
3672136
3436163
4785407
4918623
3538535
4260775
3827746
3995689
4950299
4438965
4753523
4233066
1945037
3357276
3914809
4669652
3416855
4246556
4169801
4302597
4510653
2991023
4749557
3460625
4247948
3815129
1291358
4328646
2869321
3637159
3538537
3897655
4759964
4037830
1097723
2924847
3971744
4816183
4794818
4994158
4756843
3447884
3859406
4016099
3979510
4878552
3979510
4528058
4538571
3756900
3576375
4890286
3498280
4526068
4499571
3874172
3926856
3704988
3244400
3653351
4820125
3950718
3840638
3603941
3519685
2794538
4929941
4894853
3502570
4767878
4096160
4558150
4426669
3623813
3082517
4390217
4534150
2883652
4550468
4281262
3600331
4528199
1698258
4265428
2847240
4914309
4990645
4912642
2156209
3782431
4482198
4071032
4207910
4944007
2855990
4903004
4000716
4486168
2954119
3458838
4209044
3974872
3257192
3337979
3740298
3627517
4263670
4855533
3248409
3501259
4565661
4520637
4161938
3252372
3364170
4215538
3977682
3145662
4216220
4627229
3607232
3782476
5013389
3488509
2579694
2923630
4013686
4772382
3025548
4745789
2854370
3352877
3197640
4712048
3771564
4294338
3246884
4471274
3145769
3820798
4809716
4955959
4899632
4991976
4288174
4459818
4018781
3880046
4383823
4294681
3526356
4772974
2933630
3406587
3994155
4728322
4876202
4479738
4057709
1262699
4334357
3712928
4325849
4297935
4973357
4203941
4359380
4024763
4196986
3446386
4805527
4733046
2745677
4086816
4535772
3605299
4659570
4778845
4528364
3215647
3169794
4740884
2613072
4788435
3951490
3472056
3432074
4607875
3237631
3851837
3664634
3762072
4806980
4213774
4695139
4868592
4218770
3159569
4823698
2671481
4991497
3956864
4476730
3871592
4673728
3870985
2199321
3656863
4122369
2323613
4858590
3784416
3420872
4146317
3740589
3779708
4010470
4786792
4438933
4829138
4172982
2800237
4809101
4814205
5007832
4739608
4991458
3135411
2213234
4119585
4309669
4632651
2361733
2797074
3655945
3254881
4117762
4685631
4492822
4502690
3912228
4539581
4758332
3869748
4694970
4314420
4582101
4694997
4183545
3325857
4154870
3678119
4741552
4872400
4879577
4861423
4777825
4747223
4891039
4894962
5009750
3660918
2657828
3471474
4712781
4521991
4377583
3337076
4382535
4488491
4637319
4729877
4738361
4640152
3661979
4170625
4634381
3577684
3675076
4079684
4844106
4757516
3566071
2638008
4013927
4570560
4700527
4162138
3412654
3408856
4635374
3290647
3069117
2173537
4523609
3764186
4587322
3721987
4407301
4371179
4418837
3775246
4671719
4528710
4010457
3594181
2734550
4782388
3925175
3797565
2396419
4838142
4337509
3986302
4928093
4742793
4191946
3136499
3906772
4494916
4072573
3791892
4599498
3908495
4993346
4102802
4669700
3581489
4771096
3570705
4732845
3671793
4545731
4002240
4705693
3804274
3870209
2171766
3369917
3520922
4643911
3987120
4805072
3572152
4791069
4432103
4343280
3567120
4241115
3755341
4663748
4580064
3212929
4735695
3631456
4727906
4123079
1392234
4278259
4085766
4320119
4496366
3927809
3977817
3563989
3239188
3630355
3858279
3735423
4837107
3409679
4686058
3500257
4656807
1636490
4972523
4973805
4873647
3572042
4312210
4261123
4525167
4203876
3282678
4279981
3720602
3680937
2164960
4622988
3615126
3500650
2947482
3253125
3675494
4575201
1289294
3630229
3658272
4694871
3213086
4267646
4505885
4490151
4626762
2174298
4915096
3994041
3120696
3737057
4519129
3411431
4822029
4929291
2665061
4349450
4911381
4275041
4086691
2887796
4987139
3751447
3595257
3378903
4805551
4439476
3312638
3517545
2824116
2661137
4822266
4275264
5003790
4676061
3488247
3656224
4853303
4524731
3824679
3360765
4513390
4062507
3573995
2553196
3882266
4696218
4579783
4655446
3572983
2634717
3775634
3412640
3592802
4961306
1182164
4791641
1712231
4748483
3633891
3751447
3618045
4725593
4491616
3522725
4487811
4282537
4931463
4033275
4901464
2715447
3257599
2367452
4506234
3166309
4004933
3613093
4935975
4075966
2586627
4731011
4908587
4747408
4161314
4937425
4389965
4199729
4358756
4496232
4786776
4738343
3819289
2785561
4495722
3669286
1952536
3814059
4098999
4349543
3871427
3877286
2570400
4643281

4011677
4226711
4393111
2813737
4149512
3820136
4731576
4357021
4351757
4370744
2063883
3080403
4973367
2928004
4138036
3405999
3909103
3666946
3141233
3673340
4585676
3812154
4235163
3009682
3212911
3920935
3771917
3634611
3575244
4055183
4684382
4915139
3160902
2869376
4537049
3912526
4447014
3757329
4324686
4171632
4829562
4764856
2836362
3347756
4488293
4713224
1570065
4687876
4726905
4423450
4657515
4106885
4163422
4008330
2773926
3448054
4632956
3249162
3153484
2974740
2955621
4791426
3509444
4045756
4476593
5011760
4812653
4709453
3621727
4740867
3885611
4839729
3930149
3406588
4359254
3664305
3100250
3737553
3646014
4149376
4262394
3199278
4957209
3835431
2933620
4518212
2409468
3069099
4541660
4194398
2750207
4049211
3038648
2668026
3575355
3781089
3968027
3992080
3665785
3477168
3592802
3461367
4226611
4446171
3151094
3467234
4192509
3293895
3082192
4620642
4595283
3334929
3551232
3654109
4909908
4049671
3865590
4741384
3926831
3626792
4147693
29103
4263144
3820261
4105535
3458568
4754820
4686059
4561382
3689368
4549214
3824650
3847312
4727066
4811448
4631345
3329559
4172475
1779370
4901079
1888803
4361552
4138111
4741615
4741615
4951263
4557061
3662316
4699379
3127800
3624991
4257723
4977182
3855032
3950719
4102425
4067531
4293903
4394948
3111616
3124065
3541391
4440256
4313114
2603335
4803307
3698176
4462364
3679036
4581764
2726264
4019536
3828764
4316970
4171571
4187550
2615194
4277293
4850036
4285465
4482793
3408486
3974872
3597533
3523607
4811492
4438974
4650729
4951772
3405208
4506919
4064991
3632104
4694966
4732879
3082241
4821538
2940956
3166164
3961441
3418249
3747081
3786832
3016689
3480353
3741175
4517368
4422361
3096956
4417048
4742374
3927811
4674131
4280138
3064804
3355202
3433477
3909047
3306430
4609147
3032314
4682057
3597030
3986229
4933154
4440243
3949669
4764323
3309020
4947157
3457733
3764058
4697852
4654477
4114802
3877370
4046773
3284570
4430984
3419695
2490736
2464623
2875157
3016492
4065672
3889224
4404594
4712681
3171170
4182552
4019587
4304414
4304414
2994345
4837411
3280463
3623771
3614988
4041748
3940866
4251948
4694913
3585325
4735631
4891128
3544876
4526116
3596335
3581451
4895818
4495624
4822790
2656243
4184960
4807158
3348488
2270910
4091408
4166605
4046919
3930725
4281158
4443934
4349123
4494601
3689757
3933653
4833330
4474629
4026520
4461304
3742233
3169542
4640816
3478508
4333416
3091518
4823827
2588618
3648691
3774612
3657546
4006813
3448696
4055789
4493996
3653892
3717072
3979765
3624327
4538107
4777538
3262753
3266284
4613529
4431421
3365040
3148253
4751440
4898763
3235125
4427460
2730592
2845098
4754718
3831906
3857271
4348165
4686661
3750045
3468683
4725373
2649434
4302915
4624233
4468152
3479207
2832679
3216985
2292179
4728682
2481402
3507954
3328392
3666396
3859953
3938655
3103401
4878552
3616111
4274750
4940857
4359567
4123089
4334294
4772974
4397902
4494595
3836917
4683056
4460025
4351203
4515030
4567819
4502763
4012080
3568072
4359079
4460071
2815737
3917976
3554707
4824084
4051765
3214053
3255987
4772974
4832553
2934671
3590674
4931841
4950747
4047118
3297677
4458138
2582892
3862182
4687874
3305383
4085712
2199210
3880310
4183981
4181418
2359852
4875171
4482511
2779656
3290594
3359321
4320088
4653012
3584049
3929701
3041822
3172276
4652986
4265704
4844967
2947069
3794926
4606125
3197518
3040740
3468579
4043117
3577791
4302899
4760953
4639806
3431399
3287199
4792583
2958823
4904301
3589417
3750005
3581207
4281142
3881041
3621838
4128733
4066331
4802485
4664913
4260734
3502598
3597591
3219729
4049749
4587667
3599336
4496361
4924697
4942985
4979065
4287722
3663727
3861124
4238372
4161230
4302951
3893534
2235833
4242291
4454313
4819116
4426952
4537000
4627772
2904376
4757891
4446432
3454427
4455068
3653892
3469570
3790678
4263119
4171628
3098242
4741730
3852968
4961459
4924745
3898101
4754343
4529706
3853367
3064775
4040673
3518102
4931289
4735692
4227430
4703905
4100929
3224749
4493833
4612323
3855865
4284801
4687923
3783433
3544711
4311980
4364948
4098787
3970120
4180644
3793972
3447665
2360758
4872756
4823480
3881370
4432814
3820266
3569963
3557142
4700530
4574560
4642517
4404125
4102785
2861590
2808238
4649848
3493755
4480738
4116530
3001897
4138053
4238966
4764822
3539985
3326058
3245278
4479336
4741733
4809386
4457856
4783353
4665705
4657163
2696436
4914327
4333215
4183418
3526275
4123781
3293905
3834823
4459735
4683652
4086521
4735628
3759383
4232461
3182928
3044754
4438970
3061878
3781989
3925144
4467146
4028208
3216621
3143084
3176819
4377402
4234641
4124026
2758996
3153646
3562228
4181414
4850254
4453855
4910162
4546247
4243337
3854185
4838360
5010391
3585258
4440769
4526116
3750464
2834772
3084786
3207295
3585374
4363567
3201061
3136481
3973006
3384610
3050860
4392476
2360652
3592411
4364748
4867575
4821889
4775223
3665785
2784946
4303892
4940055
4052341
4094387
4016113
3660581
4824883
3708810
3646048
4893800
2861112
4400644
4337737
4865983
3501222
4314414
3047963
2950875
4936385
3397840
4457652
3061060
4626811
3338841
3568914
3136102
4914733
4422361
4101763
4086270
4998146
3084273
3896417
4874359
2807296
4180068
4438974
4854551
3272808
4526313
5011512
4516138
4756311
2748899
4247165
4644374
3737262
4639896
4811533
4366163
4753476
3956668
4697837
4968670
4957328
3338762
4470332
4869934
2947069
3523409
3505666
3413666
4695646
4043533
4811563
4343068
4643799
4482069
4829538
4861914
4006901
4381951
4831636
2807433
3245311
4448531
4928074
4627325
4728392
4742842
2830938
4661860
4196171
4546487
126231
4196997
3666947
4441360
3857115
4629196
4460235
3637182
4991769
4178896
4485321
4565635
4687704
1550428
3973334
3521700
3926964
4686056
4916422
4676609
4429416
4918039
4491253
3408794
2575377
3674349
4145681
3675877
4522030
4802055
3774679
3713274
3176279
4669710
4125718
3083148
3865536
4887716
3144925
4029884
4941749
5016958
4452691
4393111
3832594
4733510
