2742515
4041848
4073211
3488009
1762387
4166412
3715495
4849470
5007297
4937866
4899022

4343280
3868160
3842979
3861040
3176904
4825400
4802479
4624522
4971297
4695164
4512564
3614875
3364123
2565499
3268394
2868802
4439124
4408008
2908126
3871020
4425572
3012735
4436831
4320119
4096524
2805924
4627234
3563989
4445909
4270961
3782555
3695935
4520518
4776112
4113377
4087046
4021073
4673853
4826221
4848536
4846325
4252138
4923236
4918335
4918335
4961840
4994017
4803303
4156269
3721390
2190585
4756411
4826614
3164180
4267648
4180225
4229118
4430659
3506947
3506947
4464450
4807272
4421988
3368064
3772887
3926844
4620602
4770555
4806989
4687439
1216340
4614811
3907278
4198628
3590258
4849148
4518312
4018993
3628745
3759473
3639397
515295
4837268
4848977
3204482
3815462
4876403
4260204
3216985
2711571
4615262
4694913
4877665
4917668
3637117
4370726
3671793
4005655
4380452
3776730
3150357
3832613
5008310
4484440
4207936
4560915
3001083
4608152
4976202
3873998
4393352
4639752
3032667
4960285
4703841
2542412
3779157
3944245
3605093
4897702
3437410
3259507
3844453
2724792
3692409
2868571
2360090
4380123
4123075
4412077
3866099
4729822
4231073
4409554
3902919
3919928
2233633
3784481
3362617
3983036
3702228
4602754
3630089
2824492
3645998
4227046
2830698
4739698
2903399
4678160
4560432
4484424
419342
4974534
3759350
4449610
2821401
3195085
3121334
4532777
4376639
3302739
4738372
1978075
3922388
4301465
4733733
4887929
2995064
2810874
184456
3338762
4460594
4973343
3827232
3538681
3083433
3368064
4448211
4154715
4105133
4374157
4848777
3795784
3598750
3688988
4991690
3623790
4549061
3176279
3858291
2796167
4433865
2745432
5003816
4230727
4790673
4484479
4647676
4086814
3617005
3185409
4945584
4694649
4364902
3443215
4066791
4636055
4990992
3140523
4206827
4289273
3515546
4504809
4811497
4882514
4269076
4609362
4190420
3407083
3671145
3919156
3609828
4392041
4692409
4489745
4353619
3694476
3069076
4169336
4854653
4528057
3615740
3820262
4676731
4667657
4001307
3395665
3916336
4595647
3563986
3090195
3500091
4393202
4493045
3542605
4488808
3213076
4291483
3824654
4425964
3386252
3158008
4800065
2998014
3510034
4549043
4510361
2175250
4591334
5008009
4203876
2656543
3572158
3117740
4980111
4711004
4858134
3618446
2865566
4430127
4312504
4058076
2766630
2646881
4314408
3457983
3009708
3195719
4141304
2270815
2584773
3093847
4740876
2843454
3135520
2957857
4908383
4028303
4122369
4919572
4670726
3916338
3374053
3191320
3818984
4077215
3503619
1447668
4673265
4868746
2837401
2947654
3906589
2928301
3250482
3603161
3813012
4422106
4487015
3827470
3673035
4811448
4434818
4919521
4192548
4560775
2532718
4218956
3432760
4396394
4756710
4040669
4513647
4871528
4883089
4837478
3154963
4849155
4838073
2734999
4454171
3285581
2323300
4766534
3996365
4599272
4549035
2910742
3075650
3523607
3554609
3957083
4549141
2780353
5011512
4007235
4633274
2958845
4000640
4581817
4873146
4885661
3707696
4564361
3125270
3225372
4768226
3667717
4972254
3987077
3524221
3212510
4501432
4999796
3633853
3953594
4362825
4350935
4181223
4998082
3364935
4505342
3534531
4853038
4639610
3206074
3695938
2795852
4862184
4213468
4709865
4215538
2992316
4741304
4960301
4367486
4816183
3318749
3240661
3342291
4439739
4741864
3734818
4972523
3064803
4931016
3897403
4014674
4448042
4055397
4133762
4547722
3888403
3131270
4521473
3637562
3791481
4598998
3605651
4325837
4578863
3646742
4487342
4921873
3734832
3967682
4244195
2734430
4739608
4466258
4834476
459230
3581826
3257235
5008384
4049387
4508895
2386784
4811400
4681890
3820963
3424155
4487934
4519952
4636187
4524724
4171506
4121280
4821997
3170255
3327464
3572029
3398137
3189240
4804480
4820538
4589789
4632002
4381060
3652853
4774434
4404101
3896502
4918614
2323286
4823697
3794577
3999153
4059381
4066819
2817454
4594765
4452027
4881172
4277655
3122119
3386213
3261922
3544824
4959859
2173354
4992265
4384423
2699509
3944266
4917281
4099533
4009307
3823293
3140691
3994437
3977994
4585969
4859069
3559584
2766270
3018503
4990996
3669353
4830023
4735629
4500169
3953816
4198130
4678017
3313794
3128063
4074009
4395108
3704516
4227605
3994072
4826714
4791869
4709225
3334893
4691155
4752221
4750541
4972855
4958971
4999521
4846373
4421748
4631550
3473030
4695384
4414935
4697364
3886195
4401619
3302890
4891836
4999498
4187569
4364755
4177398
3252264
4660684
3346683
4280987
4102811
4222680
2756516
4626195
3372492
4548792
4449194
4697364
4806492
3000403
4961303
2243019
4000360
4493074
3791168
2688509
2579577
4804180
3287199
4823098
3241352
4964395
4634317
4652762
3589417
3885717
4206449
3515627
3940611
4020497
4405579
4613212
3787888
3660322
3757056
4066331
4585977
4540412
3852179
4452158
4583054
3989328
4721512
4851801
4728309
3245912
4621926
3822971
3176762
4741617
3681697
4829140
4890663
3139908
4503968
4434567
4758952
4732463
4481531
3976125
3483103
2644647
222989
4261066
4316603
3742836
4484456
4539922
4356436
3650048
3650048
3575850
3866163
4646505
3480415
3823098
4807253
4393151
4700493
4861797
4650550
4438964
2656613
4937314
2204012
4491389
3391276
4637319
4001318
4417144
2659361
4031044
4157315
2887354
4663675
4823110
4735655
4670924
4473728
4756715
3486892
3864973
4492094
4279221
4491386
4547722
3356716
