4655273
4619850
3349118
4151142
4826197
4058012
4811467
4811467
4896021
3572046
4869372
4771119
3865184
4946716
2928022
4286724
3731280
2747266
4758105
4924746
3136543
4488956
4123598
3923881
4125149
2820552
4752512
3433479
4380339
4558517
3799725
4207891
4741855
3712465
3583596
4540187
4772351
4255002
2756316
4754342
4814566
2360737
3468529
3359213
4878539
3988186
4649839
4324316
4884947
1463026
4981891
4998226
4073284
4130718
3903613
3102746
4511365
4513856
4829139
4124017
3433428
2687431
3747329
4793298
3590610
3264645
4411757
3314232
4438226
2714839
3511347
3634827
3826994
4325832
4725007
3817219
3656466
4177996
4370722
3930416
4301475
4392595
3611939
4482081
3492180
3822797
4567801
4404101
2875228
4880877
2785129
4935974
2928013
3577465
3000368
4599031
3128538
4582115
4210448
3357292
3885611
4268884
4546697
2914389
4278678
3187850
4576175
4221739
4703903
4786577
4181361
3388237
3898565
2642998
3954888
4278844
4385935
4533782
3016602
4445909
4041058
4673651
3962360
3266252
4004276
3090197
4812653
3435303
3282711
4737183
3236226
4440282
3942746
4914282
4951246
4947870
4357196
4728337
4546460
4234411
3966837
4177048
3782250
3835849
4558569
3934881
2805847
4824582
3866601
2425501
3284000
4091533
4857399
4734036
4601745
4906230
3855764
4515074
3624196
3359483
4170613
4693505
3219210
3292817
4854515
3296656
4920144
4667880
3322525
3159681
4894956
4295565
4694913
3727213
3625870
4158790
3144016
4652354
3120696
4526035
4624936
4579939
4827375
3959209
3795685
3548783
4057458
4686118
2869316
4855533
3579941
4240673
4182889
4666149
4838221
2809101
4153320
4207760
5011358
3432091
4493050
3960624
4150836
4816181
3887112
3003740
3596595
3139633
4574027
3594444
3794036
3553956
4878404
4059639
3767596
4421868
3325925
3180376
2806454
2952861
4680872
3847629
3756671
2064591
4753520
4936369
4768950
4102782
4632944
3063756
4196172
3885722
3045352
4906658
4482781
3121741
3655893
4569358
4017230
3973948
2705186
2195871
3907524
4774669
4431727
2782133
4591280
4851291
4858180
2775033
4957129
4931829
4782063
2671044
3598750
4685197
3127830
4732302
4437464
4381951
3533954
3499247
3764186
3822283
3607232
3772932
4507574
4279227
3273810
4071063
4866958
3273810
2677874
4579962
2974905
4967870
3706809
4082722
3669380
2861922
4764817
4099123
4099123
4709447
3645988
4006843
4114638
3871433
3673949
3786995
4914267
4627815
3796544
3572431
4786408
3397961
3396623
3242774
4286527
3217917
4646573
4011785
4451617
4882514
4922844
3702553
4766434
3562186
4235163
3796304
4992831
4749925
4176085
4865174
2193391
4628360
4383021
4329602
4935877
4537234
4697748
3680950
4480799
4510395
3592411
3024415
3402428
4001307
4412108
3948692
3755970
4162146
3482286
3854864
3868651
4741885
4361620
4834052
3979992
3183230
4284638
4302442
4742831
4338609
3491368
4849706
4208846
4508884
4277831
4393225
3006385
2750104
3542123
4492823
3926010
4491853
4358944
4581791
4893287
4892437
3759928
3548890
3985325
5008284
4375086
4745000
4860842
4732879
4928080
4074063
4991434
3975437
3930740
3953582
4858252
3951198
2064231
4981000
3168919
2993949
3360040
3621663
4278260
3072510
4379007
3865155
4899630
4513857
3934991
4466389
2752166
4790655
5006001
3994105

4716731
3173482
3661443
4667559
2841158
4017649
4303136
4144800
4317221
4686053
4353103
4891079
4844616
3675474
4632959
3492408
3264589
4550425
4324984
4040925
3556596
4049671
3351477
3743153
4028006
3238492
4159602
4962030
3610756
4832077
4077848
3257357
4248446
4092133
3434652
3510183
3516707
3342305
4431651
4346837
4459971
4961739
4123088
4667523
3698021
3636221
3118969
4324824
4316950
3754017
3345287
4232468
3003247
3527276
3324553
4576721
4354229
4613663
3204305
4213024
3391194
3171462
3060028
4152239
4177982
4812246
4425677
2764346
4334968
3606220
4482198
3107376
3828244
3850021
3804607
4193981
3350551
4670684
3048859
3994050
4170631
4627772
3789180
4171571
3233558
4586750
3559100
4506989
3930899
4012828
4551929
4868923
3461361
4246582
3498264
4200121
3477168
3516567
4245710
3044559
100781
3258544
3586801
4361583
3956458
2856858
4907987
2847521
2800842
3738564
4186353
4015687
3795630
4523667
3622923
3310405
2965225
3534379
3097206
1797156
4741443
4207613
4835519
4368110
4925808
4278832
4192073
4465025
3685596
3547795
3195080
4176170
4586937
4440612
4438963
4686093
3424392
3655262
3655051
3785567
4447275
3317485
4367081
4326570
4501432
4559643
4494960
4496343
4787787
3369892
4380143
4687706
4434993
3077400
3573122
4301804
4228265
4139260
3945788
4807537
4798879
2808743
4756820
4878553
4233938
3062590
3840114
4858283
3570327
4123111
4393283
4797133
3447887
3605329
4077762
4462352
4117755
4501655
4255636
2845662
3851374
4384728
3897189
2758600
3296965
4355629
3923792
3181345
3210328
3386226
4577096
4161320
4365772
4219783
3680475
4650274
4111703
3751695
4619509
4266922
3000443
3617429
3271076
2669846
4409450
4438935
3742233
3262088
4822006
2394488
3967974
4735742
4434892
4315024
3448696
4277293
3511424
3970747
3276558
1073686
4395187
4462032
3741231
3531493
4691646
4072579
4625151
2174275
3262054
3795028
3795028
2504304
3919586
4018780
4468795
4033189
4059381
4941730
4168139
3504746
3634647
4398352
3405998
3248423
3960619
3338567
4547738
4351203
3734090
2815754
4798969
4798969
3698773
4406435
4575451
3510027
3180449
4170597
4196923
4047883
4517352
3673035
4249599
3264619
4379029
4741756
2173509
3520950
3511388
3192034
4546463
4575949
4826232
4349862
4882699
3503535
3499511
4826190
4954757
4914296
184456
3763460
4811775
3961361
4718159
2994709
4502672
3851693
4400595
4585488
3898740
3931468
4406584
3880257
3569645
4374627
3104363
4124035
2740829
4787802
3805583
4575922
4696832
4490568
4595013
4549050
4113059
3967990
4263599
4338748
3950333
3428278
4226687
4549123
4350347
4835592
2881537
4221362
3843736
4612089
4383008
4336716
4582193
3805177
2174089
4868692
4545789
4063703
4354046
4493045
3632562
4237283
4479417
4649523
3709714
4576199
3787888
3720938
4494597
4415457
2843749
3189238
4050669
3554659
4838148
4077766
3961217
4324732
4889948
4099510
4792553
4945959
4936982
4938178
3051817
4619507
3839891
3813455
4232758
4700424
3185060
4805080
4667650
4761711
4321179
3454427
3579779
3187839
4608092
4094593
4039166
2361430
4021028
3926955
3427356
3380860
4805093
3197621
4058046
4990710
5016092
4559819
4513868
4475763
4379049
3896418
5009347
4496213
4595363
4176165
2702275
2582243
4347017
3653930
2064798
4496188
4385851
3070685
4018662
4594690
4809547
4811531
4365034
2978373
4630297
3333871
4131725
3038978
3281900
4567025
3506573
3422256
2831321
4918322
4921027
4979492
4936094
4640496
3492220
3470577
3392246
4800002
4131462
4574560
4500593
4048112
4446437
4696152
3874416
2797294
4118244
3348464
3823972
3037340
4452715
4724812
4725730
4263748
4663486
3232240
4195867
4233052
4735063
4317698
555553
3469526
3636235
4230746
1887733
4503353
4742793
3913780
3091496
3252334
3836737
4687708
4931343
4961794
1475704
4639798
4085381
4498096
4716299
4599241
4356498
3519378
3656853
3992495
3484866
2776001
1702560
4413525
2736387
4734155
4540439
4558166
2171557
4468160
4309530
3044124
4167328
4148084
2654102
3913643
4438429
4742389
3148559
4458899
4893607
4178031
4662462
4356135
3675158
3661464
3511559
4091172
3941061
2171537
4598085
4237266
3012735
4404054
3938039
3392104
4823984
4480739
3851744
3743798
3681794
4070095
4065156
3874239
4673853
3639884
4852436
4729030
3442401
4669173
2886067
5008403
4766640
3127817
3009701
4931292
4926503
4624124
3229488
4551321
4967946
4454203
3382843
4763409
4393148
4480740
4463822
4835651
4239057
4159120
3982596
3750317
3070934
4011338
3628601
3869375
4357724
3887133
4793078
4223762
3382126
3321526
2913983
3833998
4270761
4501788
3747076
4467814
3949089
4264532
4787776
3501361
4377305
2263137
4649039
4275041
4516205
5010585
4425456
3532428
2905325
4466464
3164462
5006368
5000723
4113144
4666149
4867638
4022198
3729684
3149094
4698710
4208659
4427280
4669794
4701224
3388055
4694970
4320080
3378533
4102808
4270898
4766666
4414272
4513880
3173339
4235005
2071963
3965560
4214603
3787020
3316135
4355975
4263189
3744467
3614976
4395367
