2172346
3082196
4008708
3184399
3492294
4560833
4186808
4440640
4816316
4251486
4467408
3101807
1310526
2238759
3688685
3853869
4159784
2766270
4657330
3727923
4147360
4764856
3926834
3843111
4757796
4488719
4600982
3861503
4415602
3774611
4001315
4729957
3670853
4159791
4741546
3343020
3688626
3459986
4558155
4661086
4723263
3898689
4770269
3928559
3684578
4669703
3241690
4047890
4449815
4991853
4850358
4914296
4590596
4203941
3762791
4951302
4951198
4951198
4364838
3446386
4525167
4482781
4974783
4154686
3276580
4826236
4142619
4344198
4552866
4259421
4268886
4353233
4080263
4076706
3196493
4511861
3667825
4186442
3817409
4780821
4132412
4991769
4329012
4749552
3759895
3162406
3661508
2828961
4490096
4072523
3266931
4259308
4307226
4203552
3685218
3829018
2854093
3726710
4382927
3517545
4745265
4598950
3703824
3064671
4779053
4849155
3634024
2864743
4718691
4102935
3983396
4945766
4959414
4913974
4908437
4737181
4571337
3728336
4268694
4862641
4894969
2936339
3210105
4315243
3980041
4728680
4376850
4546315
3639583
3618116
3274522
4150825
4614378
4517814
2858158
3824535
4210174
3287415
3335829
4123075
3943907
4623961
4289333
4743083
3213115
4225825
4582193
4747472
3696638
3869823
3900710
3059971
4822073
3847313
4729931
4842299
3261210
4868678
4671098
3366968
3025492
4895048
3439401
4981248
4942985
4908134
2632903
4481296
4190072
3573027
3161989
3885392
3120713
4625550
4825594
3070874
3425550
5009750
4914410
4441296
4841441
4846872
4991753
2932554
4673271
3823098
4595004
4429043
4010529
3912228
3564537
4357530
3999101
3058788
3020928
4660203
3168919
3169490
3050809
